1 ./data/a280.tsp 1.08835342918 1.23014029079
1 ./data/att48.tsp 4.5785817198 1.2088880404
1 ./data/bayg29.tsp 2.84781494685 1.12530650254
1 ./data/berlin52.tsp 2.96022066786 1.19041351365
1 ./data/ch130.tsp 7.82325237364 1.23964384718
1 ./data/ch150.tsp 8.05928404784 1.2544792936
1 ./data/dummy.tsp 1.0 1.0
1 ./data/dummy2.tsp 1.0 1.0
1 ./data/eil101.tsp 3.18757297878 1.31959489966
1 ./data/eil51.tsp 3.08037759632 1.19448908445
1 ./data/eil76.tsp 3.59859402847 1.22709703917
1 ./data/gr120.tsp 6.54247499265 1.26304072583
1 ./data/gr202.tsp 1.3949959818 1.12617682246
1 ./data/gr666.tsp
